0.44075
0.24325
0.22525
0.21875
0.217
0.213
0.21175
0.21025
0.2105
0.20875
0.2085
0.20725
0.2075
0.20575
0.20525
0.20525
0.20425
0.20425
0.2035
0.2035
0.2035
0.20375
0.20375
0.204
0.204
0.204
0.204
0.20375
0.20325
0.20325
0.2035
0.204
0.2035
0.2035
0.2035
0.203
0.20325
0.20375
0.20375
0.20375
0.20425
0.20375
0.203
0.203
0.20275
0.203
0.203
0.203
0.203
0.203
0.20325
0.203
0.203
0.20325
0.2035
0.20375
0.20375
0.20375
0.20375
0.2035
0.20375
0.20375
0.2035
0.2035
0.20375
0.2035
0.2035
0.20375
0.204
0.20375
0.20375
0.20375
0.20375
0.20375
0.20375
0.20375
0.2035
0.2035
0.20325
0.203
0.203
0.203
0.20325
0.20325
0.20325
0.203
0.20275
0.2025
0.20275
0.203
0.203
0.203
0.203
0.20275
0.20275
0.20225
0.20225
0.20225
0.20225
0.20225
